-4.00000000 -4.00000000 -23.29921146 
-4.00000000 -3.00000000 -15.04740740 
-4.00000000 -2.00000000 -5.82480287 
-4.00000000 -1.00000000 4.36860215 
-4.00000000 0.00000000 15.53280764 
-4.00000000 1.00000000 27.66781361 
-4.00000000 2.00000000 40.77362006 
-4.00000000 3.00000000 54.85022699 
-4.00000000 4.00000000 69.89763439 
-3.00000000 -4.00000000 -25.20361846 
-3.00000000 -3.00000000 -17.02947193 
-3.00000000 -2.00000000 -7.49296765 
-3.00000000 -1.00000000 3.40589439 
-3.00000000 0.00000000 15.66711418 
-3.00000000 1.00000000 29.29069172 
-3.00000000 2.00000000 44.27662702 
-3.00000000 3.00000000 60.62492007 
-3.00000000 4.00000000 78.33557088 
-2.00000000 -4.00000000 -20.36048051 
-2.00000000 -3.00000000 -14.42200703 
-2.00000000 -2.00000000 -6.78682684 
-2.00000000 -1.00000000 2.54506006 
-2.00000000 0.00000000 13.57365367 
-2.00000000 1.00000000 26.29895399 
-2.00000000 2.00000000 40.72096102 
-2.00000000 3.00000000 56.83967476 
-2.00000000 4.00000000 74.65509521 
-1.00000000 -4.00000000 -8.64477447 
-1.00000000 -3.00000000 -6.72371348 
-1.00000000 -2.00000000 -2.88159149 
-1.00000000 -1.00000000 2.88159149 
-1.00000000 0.00000000 10.56583547 
-1.00000000 1.00000000 20.17114044 
-1.00000000 2.00000000 31.69750640 
-1.00000000 3.00000000 45.14493336 
-1.00000000 4.00000000 60.51342131 
0.00000000 -4.00000000 8.00000000 
0.00000000 -3.00000000 5.00000000 
0.00000000 -2.00000000 4.00000000 
0.00000000 -1.00000000 5.00000000 
0.00000000 0.00000000 8.00000000 
0.00000000 1.00000000 13.00000000 
0.00000000 2.00000000 20.00000000 
0.00000000 3.00000000 29.00000000 
0.00000000 4.00000000 40.00000000 
1.00000000 -4.00000000 25.93432342 
1.00000000 -3.00000000 18.25007944 
1.00000000 -2.00000000 12.48689646 
1.00000000 -1.00000000 8.64477447 
1.00000000 0.00000000 6.72371348 
1.00000000 1.00000000 6.72371348 
1.00000000 2.00000000 8.64477447 
1.00000000 3.00000000 12.48689646 
1.00000000 4.00000000 18.25007944 
2.00000000 -4.00000000 40.72096102 
2.00000000 -3.00000000 29.69236741 
2.00000000 -2.00000000 20.36048051 
2.00000000 -1.00000000 12.72530032 
2.00000000 0.00000000 6.78682684 
2.00000000 1.00000000 2.54506006 
2.00000000 2.00000000 0.00000000 
2.00000000 3.00000000 -0.84835335 
2.00000000 4.00000000 0.00000000 
3.00000000 -4.00000000 48.36370028 
3.00000000 -3.00000000 36.10248049 
3.00000000 -2.00000000 25.20361846 
3.00000000 -1.00000000 15.66711418 
3.00000000 0.00000000 7.49296765 
3.00000000 1.00000000 0.68117888 
3.00000000 2.00000000 -4.76825214 
3.00000000 3.00000000 -8.85532540 
3.00000000 4.00000000 -11.58004091 
4.00000000 -4.00000000 46.59842293 
4.00000000 -3.00000000 35.43421744 
4.00000000 -2.00000000 25.24081242 
4.00000000 -1.00000000 16.01820788 
4.00000000 0.00000000 7.76640382 
4.00000000 1.00000000 0.48540024 
4.00000000 2.00000000 -5.82480287 
4.00000000 3.00000000 -11.16420549 
4.00000000 4.00000000 -15.53280764 
