-8.00000000 0.09090909
-7.00000000 0.10000000
-6.00000000 0.11111111
-5.00000000 0.12500000
-4.00000000 0.14285714
-3.00000000 0.16666667
-2.00000000 0.20000000
-1.00000000 0.25000000
0.00000000 0.33333333
1.00000000 0.50000000
2.00000000 1.00000000
3.00000000 0.50000000
4.00000000 0.33333333
5.00000000 0.25000000
6.00000000 0.20000000
7.00000000 0.16666667
8.00000000 0.14285714
9.00000000 0.12500000
10.00000000 0.11111111
-8.00000000 0.02439024
-7.00000000 0.02702703
-6.00000000 0.03030303
-5.00000000 0.03448276
-4.00000000 0.04000000
-3.00000000 0.04761905
-2.00000000 0.05882353
-1.00000000 0.07692308
0.00000000 0.11111111
1.00000000 0.20000000
2.00000000 1.00000000
3.00000000 0.20000000
4.00000000 0.11111111
5.00000000 0.07692308
6.00000000 0.05882353
7.00000000 0.04761905
8.00000000 0.04000000
9.00000000 0.03448276
10.00000000 0.03030303
-8.00000000 0.28571429
-7.00000000 0.30769231
-6.00000000 0.33333333
-5.00000000 0.36363636
-4.00000000 0.40000000
-3.00000000 0.44444444
-2.00000000 0.50000000
-1.00000000 0.57142857
0.00000000 0.66666667
1.00000000 0.80000000
2.00000000 1.00000000
3.00000000 0.80000000
4.00000000 0.66666667
5.00000000 0.57142857
6.00000000 0.50000000
7.00000000 0.44444444
8.00000000 0.40000000
9.00000000 0.36363636
10.00000000 0.33333333