-4.00000000 -4.00000000 -50.13341870 
-4.00000000 -3.00000000 -40.91390892 
-4.00000000 -2.00000000 -30.72359866 
-4.00000000 -1.00000000 -19.56248793 
-4.00000000 0.00000000 -7.43057672 
-4.00000000 1.00000000 5.67213497 
-4.00000000 2.00000000 19.74564714 
-4.00000000 3.00000000 34.78995978 
-4.00000000 4.00000000 50.80507290 
-3.00000000 -4.00000000 -50.09225457 
-3.00000000 -3.00000000 -40.95040233 
-3.00000000 -2.00000000 -30.44619233 
-3.00000000 -1.00000000 -18.57962457 
-3.00000000 0.00000000 -5.35069907 
-3.00000000 1.00000000 9.24058420 
-3.00000000 2.00000000 25.19422521 
-3.00000000 3.00000000 42.51022398 
-3.00000000 4.00000000 61.18858051 
-2.00000000 -4.00000000 -43.30354550 
-2.00000000 -3.00000000 -36.39736630 
-2.00000000 -2.00000000 -27.79448039 
-2.00000000 -1.00000000 -17.49488778 
-2.00000000 0.00000000 -5.49858845 
-2.00000000 1.00000000 8.19441759 
-2.00000000 2.00000000 23.58413034 
-2.00000000 3.00000000 40.67054979 
-2.00000000 4.00000000 59.45367596 
-1.00000000 -4.00000000 -29.64226835 
-1.00000000 -3.00000000 -26.75350163 
-1.00000000 -2.00000000 -21.94367393 
-1.00000000 -1.00000000 -15.21278523 
-1.00000000 0.00000000 -6.56083553 
-1.00000000 1.00000000 4.01217515 
-1.00000000 2.00000000 16.50624683 
-1.00000000 3.00000000 30.92137951 
-1.00000000 4.00000000 47.25757318 
0.00000000 -4.00000000 -11.05192275 
0.00000000 -3.00000000 -13.08421703 
0.00000000 -2.00000000 -13.11651132 
0.00000000 -1.00000000 -11.14880560 
0.00000000 0.00000000 -7.18109988 
0.00000000 1.00000000 -1.21339416 
0.00000000 2.00000000 6.75431155 
0.00000000 3.00000000 16.72201727 
0.00000000 4.00000000 28.68972299 
1.00000000 -4.00000000 8.82797179 
1.00000000 -3.00000000 2.11143353 
1.00000000 -2.00000000 -2.68404374 
1.00000000 -1.00000000 -5.55846001 
1.00000000 0.00000000 -6.51181528 
1.00000000 1.00000000 -5.54410956 
1.00000000 2.00000000 -2.65534285 
1.00000000 3.00000000 2.15448485 
1.00000000 4.00000000 8.88537355 
2.00000000 -4.00000000 25.56018051 
2.00000000 -3.00000000 15.49929262 
2.00000000 -2.00000000 7.13511144 
2.00000000 -1.00000000 0.46763696 
2.00000000 0.00000000 -4.50313080 
2.00000000 1.00000000 -7.77719186 
2.00000000 2.00000000 -9.35454621 
2.00000000 3.00000000 -9.23519384 
2.00000000 4.00000000 -7.41913477 
3.00000000 -4.00000000 35.14849089 
3.00000000 -3.00000000 23.85497682 
3.00000000 -2.00000000 13.92382050 
3.00000000 -1.00000000 5.35502194 
3.00000000 0.00000000 -1.85141887 
3.00000000 1.00000000 -7.69550193 
3.00000000 2.00000000 -12.17722723 
3.00000000 3.00000000 -15.29659477 
3.00000000 4.00000000 -17.05360456 
4.00000000 -4.00000000 35.32878466 
4.00000000 -3.00000000 25.13228488 
4.00000000 -2.00000000 15.90658558 
4.00000000 -1.00000000 7.65168676 
4.00000000 0.00000000 0.36758842 
4.00000000 1.00000000 -5.94570944 
4.00000000 2.00000000 -11.28820683 
4.00000000 3.00000000 -15.65990374 
4.00000000 4.00000000 -19.06080017 
