-4.00000000 -4.00000000 -0.26655623 
-4.00000000 -3.00000000 0.57978303 
-4.00000000 -2.00000000 0.77653073 
-4.00000000 -1.00000000 -0.01934894 
-4.00000000 0.00000000 -0.70013867 
-4.00000000 1.00000000 -0.88257332 
-4.00000000 2.00000000 -0.73884798 
-4.00000000 3.00000000 -0.01228817 
-4.00000000 4.00000000 1.61689454 
-3.00000000 -4.00000000 -2.21622849 
-3.00000000 -3.00000000 -0.90761150 
-3.00000000 -2.00000000 0.07913719 
-3.00000000 -1.00000000 0.11720601 
-3.00000000 0.00000000 -0.18109121 
-3.00000000 1.00000000 -0.27641382 
-3.00000000 2.00000000 0.06648535 
-3.00000000 3.00000000 1.35973534 
-3.00000000 4.00000000 4.02033624 
-2.00000000 -4.00000000 -0.80799011 
-2.00000000 -3.00000000 -0.09606347 
-2.00000000 -2.00000000 0.55424536 
-2.00000000 -1.00000000 0.61465920 
-2.00000000 0.00000000 0.28291273 
-2.00000000 1.00000000 -0.21312529 
-2.00000000 2.00000000 -0.47391982 
-2.00000000 3.00000000 0.22645024 
-2.00000000 4.00000000 2.46623050 
-1.00000000 -4.00000000 0.03545484 
-1.00000000 -3.00000000 0.33055143 
-1.00000000 -2.00000000 0.54742425 
-1.00000000 -1.00000000 0.50286169 
-1.00000000 0.00000000 0.27513741 
-1.00000000 1.00000000 -0.37519599 
-1.00000000 2.00000000 -1.14443281 
-1.00000000 3.00000000 -1.25113959 
-1.00000000 4.00000000 0.02625087 
0.00000000 -4.00000000 1.60823626 
0.00000000 -3.00000000 1.02435055 
0.00000000 -2.00000000 0.40644643 
0.00000000 -1.00000000 -0.15630355 
0.00000000 0.00000000 -0.45773857 
0.00000000 1.00000000 -0.77983817 
0.00000000 2.00000000 -0.85439435 
0.00000000 3.00000000 -0.02911370 
0.00000000 4.00000000 2.30041290 
1.00000000 -4.00000000 2.58037216 
1.00000000 -3.00000000 1.21683457 
1.00000000 -2.00000000 0.05613904 
1.00000000 -1.00000000 -0.70086052 
1.00000000 0.00000000 -0.83498945 
1.00000000 1.00000000 -0.64036448 
1.00000000 2.00000000 0.02978543 
1.00000000 3.00000000 1.62740951 
1.00000000 4.00000000 4.60978452 
2.00000000 -4.00000000 1.05608484 
2.00000000 -3.00000000 -0.06087767 
2.00000000 -2.00000000 -0.79894745 
2.00000000 -1.00000000 -1.02735495 
2.00000000 0.00000000 -0.69761198 
2.00000000 1.00000000 -0.15062149 
2.00000000 2.00000000 0.63016097 
2.00000000 3.00000000 1.95340752 
2.00000000 4.00000000 4.20632366 
3.00000000 -4.00000000 0.02521907 
3.00000000 -3.00000000 -0.09065140 
3.00000000 -2.00000000 -0.04412261 
3.00000000 -1.00000000 0.11497967 
3.00000000 0.00000000 0.27433768 
3.00000000 1.00000000 0.19573311 
3.00000000 2.00000000 -0.07315397 
3.00000000 3.00000000 -0.24624974 
3.00000000 4.00000000 0.04693068 
4.00000000 -4.00000000 -5.90153301 
4.00000000 -3.00000000 -3.68153055 
4.00000000 -2.00000000 -1.69431543 
4.00000000 -1.00000000 -0.10909184 
4.00000000 0.00000000 0.88992654 
4.00000000 1.00000000 1.14394527 
4.00000000 2.00000000 0.73448983 
4.00000000 3.00000000 -0.05246822 
4.00000000 4.00000000 -0.84775837 
