-4.00000000 -4.00000000 11.94339954 
-4.00000000 -3.00000000 8.40539517 
-4.00000000 -2.00000000 4.86842146 
-4.00000000 -1.00000000 1.80188373 
-4.00000000 0.00000000 -0.53510610 
-4.00000000 1.00000000 -2.00801037 
-4.00000000 2.00000000 -2.55154170 
-4.00000000 3.00000000 -2.13687603 
-4.00000000 4.00000000 -0.75331142 
-3.00000000 -4.00000000 4.33077671 
-3.00000000 -3.00000000 3.54829753 
-3.00000000 -2.00000000 1.87374071 
-3.00000000 -1.00000000 0.31071881 
-3.00000000 0.00000000 -0.52700467 
-3.00000000 1.00000000 -0.29894287 
-3.00000000 2.00000000 1.16819139 
-3.00000000 3.00000000 3.95435577 
-3.00000000 4.00000000 8.09123894 
-2.00000000 -4.00000000 -1.94263688 
-2.00000000 -3.00000000 0.60222636 
-2.00000000 -2.00000000 0.58702319 
-2.00000000 -1.00000000 -0.47411121 
-2.00000000 0.00000000 -1.39586076 
-2.00000000 1.00000000 -1.41168462 
-2.00000000 2.00000000 -0.08992860 
-2.00000000 3.00000000 2.78447347 
-2.00000000 4.00000000 7.30406639 
-1.00000000 -4.00000000 -7.13450939 
-1.00000000 -3.00000000 -1.50535951 
-1.00000000 -2.00000000 0.72326022 
-1.00000000 -1.00000000 0.46664746 
-1.00000000 0.00000000 -0.91237816 
-1.00000000 1.00000000 -2.17419281 
-1.00000000 2.00000000 -2.45351909 
-1.00000000 3.00000000 -1.24992589 
-1.00000000 4.00000000 1.68105168 
0.00000000 -4.00000000 -7.70537874 
0.00000000 -3.00000000 -2.15674429 
0.00000000 -2.00000000 1.36374789 
0.00000000 -1.00000000 2.45498326 
0.00000000 0.00000000 1.61056895 
0.00000000 1.00000000 -0.13007857 
0.00000000 2.00000000 -1.69121785 
0.00000000 3.00000000 -2.27073191 
0.00000000 4.00000000 -1.39412259 
1.00000000 -4.00000000 -2.74661733 
1.00000000 -3.00000000 -0.03289730 
1.00000000 -2.00000000 2.37445566 
1.00000000 -1.00000000 3.68284649 
1.00000000 0.00000000 3.60531287 
1.00000000 1.00000000 2.47579754 
1.00000000 2.00000000 1.01565709 
1.00000000 3.00000000 -0.02287842 
1.00000000 4.00000000 -0.08225761 
2.00000000 -4.00000000 2.62627340 
2.00000000 -3.00000000 2.52020461 
2.00000000 -2.00000000 2.95702282 
2.00000000 -1.00000000 3.32449982 
2.00000000 0.00000000 3.19189301 
2.00000000 1.00000000 2.50297589 
2.00000000 2.00000000 1.56576955 
2.00000000 3.00000000 0.85605487 
2.00000000 4.00000000 0.80661107 
3.00000000 -4.00000000 2.61629086 
3.00000000 -3.00000000 1.41504702 
3.00000000 -2.00000000 0.95618276 
3.00000000 -1.00000000 0.84084758 
3.00000000 0.00000000 0.72440854 
3.00000000 1.00000000 0.45948484 
3.00000000 2.00000000 0.14451631 
3.00000000 3.00000000 0.03756151 
3.00000000 4.00000000 0.41661295 
4.00000000 -4.00000000 -6.02555945 
4.00000000 -3.00000000 -6.10219705 
4.00000000 -2.00000000 -5.55294119 
4.00000000 -1.00000000 -4.62777534 
4.00000000 0.00000000 -3.56544596 
4.00000000 1.00000000 -2.50129627 
4.00000000 2.00000000 -1.41813601 
4.00000000 3.00000000 -0.18148891 
4.00000000 4.00000000 1.37603057 
