-4.00000000 -4.00000000 -68.89226139 
-4.00000000 -3.00000000 -55.19816425 
-4.00000000 -2.00000000 -40.53326663 
-4.00000000 -1.00000000 -24.89756853 
-4.00000000 0.00000000 -8.29106996 
-4.00000000 1.00000000 9.28622910 
-4.00000000 2.00000000 27.83432863 
-4.00000000 3.00000000 47.35322864 
-4.00000000 4.00000000 67.84292912 
-3.00000000 -4.00000000 -68.88089037 
-3.00000000 -3.00000000 -55.26445077 
-3.00000000 -2.00000000 -40.28565340 
-3.00000000 -1.00000000 -23.94449828 
-3.00000000 0.00000000 -6.24098541 
-3.00000000 1.00000000 12.82488521 
-3.00000000 2.00000000 33.25311360 
-3.00000000 3.00000000 55.04369973 
-3.00000000 4.00000000 78.19664362 
-2.00000000 -4.00000000 -62.12197442 
-2.00000000 -3.00000000 -50.74120785 
-2.00000000 -2.00000000 -37.66373458 
-2.00000000 -1.00000000 -22.88955459 
-2.00000000 0.00000000 -6.41866790 
-2.00000000 1.00000000 11.74892550 
-2.00000000 2.00000000 31.61322561 
-2.00000000 3.00000000 53.17423243 
-2.00000000 4.00000000 76.43194596 
-1.00000000 -4.00000000 -48.49049037 
-1.00000000 -3.00000000 -41.12713629 
-1.00000000 -2.00000000 -31.84272122 
-1.00000000 -1.00000000 -20.63724515 
-1.00000000 0.00000000 -7.51070810 
-1.00000000 1.00000000 7.53688996 
-1.00000000 2.00000000 24.50554900 
-1.00000000 3.00000000 43.39526904 
-1.00000000 4.00000000 64.20605008 
0.00000000 -4.00000000 -29.92993788 
0.00000000 -3.00000000 -27.48764480 
0.00000000 -2.00000000 -23.04535172 
0.00000000 -1.00000000 -16.60305863 
0.00000000 0.00000000 -8.16076555 
0.00000000 1.00000000 2.28152753 
0.00000000 2.00000000 14.72382061 
0.00000000 3.00000000 29.16611370 
0.00000000 4.00000000 45.60840678 
1.00000000 -4.00000000 -10.07983645 
1.00000000 -3.00000000 -12.32178734 
1.00000000 -2.00000000 -12.64267724 
1.00000000 -1.00000000 -11.04250615 
1.00000000 0.00000000 -7.52127406 
1.00000000 1.00000000 -2.07898098 
1.00000000 2.00000000 5.28437310 
1.00000000 3.00000000 14.56878817 
1.00000000 4.00000000 25.77426423 
2.00000000 -4.00000000 6.62257917 
2.00000000 -3.00000000 1.03627864 
2.00000000 -2.00000000 -2.85331518 
2.00000000 -1.00000000 -5.04620229 
2.00000000 0.00000000 -5.54238269 
2.00000000 1.00000000 -4.34185638 
2.00000000 2.00000000 -1.44462336 
2.00000000 3.00000000 3.14931637 
2.00000000 4.00000000 9.43996280 
3.00000000 -4.00000000 16.18109644 
3.00000000 -3.00000000 9.36216973 
3.00000000 -2.00000000 3.90560078 
3.00000000 -1.00000000 -0.18861042 
3.00000000 0.00000000 -2.92046386 
3.00000000 1.00000000 -4.28995955 
3.00000000 2.00000000 -4.29709749 
3.00000000 3.00000000 -2.94187767 
3.00000000 4.00000000 -0.22430010 
4.00000000 -4.00000000 16.33159710 
4.00000000 -3.00000000 10.60968469 
4.00000000 -2.00000000 5.85857275 
4.00000000 -1.00000000 2.07826130 
4.00000000 0.00000000 -0.73124968 
4.00000000 1.00000000 -2.56996018 
4.00000000 2.00000000 -3.43787020 
4.00000000 3.00000000 -3.33497975 
4.00000000 4.00000000 -2.26128882 
