-4.00000000 -4.00000000 -0.06191986 
-4.00000000 -3.00000000 0.07848059 
-4.00000000 -2.00000000 0.06557532 
-4.00000000 -1.00000000 -0.01593215 
-4.00000000 0.00000000 -0.05548704 
-4.00000000 1.00000000 -0.01808273 
-4.00000000 2.00000000 0.02507523 
-4.00000000 3.00000000 -0.00969550 
-4.00000000 4.00000000 -0.07573736 
-3.00000000 -4.00000000 0.03655743 
-3.00000000 -3.00000000 -0.03264089 
-3.00000000 -2.00000000 -0.07395507 
-3.00000000 -1.00000000 -0.07506043 
-3.00000000 0.00000000 -0.00089316 
-3.00000000 1.00000000 0.09902445 
-3.00000000 2.00000000 0.07705194 
-3.00000000 3.00000000 -0.16886673 
-3.00000000 4.00000000 -0.51165975 
-2.00000000 -4.00000000 0.07130911 
-2.00000000 -3.00000000 0.00976488 
-2.00000000 -2.00000000 0.00125004 
-2.00000000 -1.00000000 0.00381773 
-2.00000000 0.00000000 0.03875812 
-2.00000000 1.00000000 0.08308405 
-2.00000000 2.00000000 0.03916308 
-2.00000000 3.00000000 -0.15562704 
-2.00000000 4.00000000 -0.37226067 
-1.00000000 -4.00000000 0.02264577 
-1.00000000 -3.00000000 0.02340929 
-1.00000000 -2.00000000 0.04302109 
-1.00000000 -1.00000000 0.00578009 
-1.00000000 0.00000000 -0.04264035 
-1.00000000 1.00000000 -0.03735084 
-1.00000000 2.00000000 0.04474573 
-1.00000000 3.00000000 0.21462435 
-1.00000000 4.00000000 0.55850867 
0.00000000 -4.00000000 0.10178489 
0.00000000 -3.00000000 0.03066831 
0.00000000 -2.00000000 0.02514403 
0.00000000 -1.00000000 -0.01424679 
0.00000000 0.00000000 -0.04819683 
0.00000000 1.00000000 -0.00492851 
0.00000000 2.00000000 0.14348547 
0.00000000 3.00000000 0.37338840 
0.00000000 4.00000000 0.66899089 
1.00000000 -4.00000000 -0.13881519 
1.00000000 -3.00000000 -0.11571768 
1.00000000 -2.00000000 -0.02805246 
1.00000000 -1.00000000 -0.00335945 
1.00000000 0.00000000 -0.02129750 
1.00000000 1.00000000 -0.02307973 
1.00000000 2.00000000 0.00994534 
1.00000000 3.00000000 0.03899893 
1.00000000 4.00000000 0.01003194 
2.00000000 -4.00000000 -0.08847654 
2.00000000 -3.00000000 -0.09657995 
2.00000000 -2.00000000 -0.00164158 
2.00000000 -1.00000000 0.02977950 
2.00000000 0.00000000 -0.01716282 
2.00000000 1.00000000 -0.08919066 
2.00000000 2.00000000 -0.13362063 
2.00000000 3.00000000 -0.12324118 
2.00000000 4.00000000 -0.04002886 
3.00000000 -4.00000000 0.20597388 
3.00000000 -3.00000000 -0.01238333 
3.00000000 -2.00000000 -0.00969983 
3.00000000 -1.00000000 0.02654913 
3.00000000 0.00000000 0.02835920 
3.00000000 1.00000000 -0.00157986 
3.00000000 2.00000000 -0.04089682 
3.00000000 3.00000000 -0.04901945 
3.00000000 4.00000000 0.04184895 
4.00000000 -4.00000000 -0.01359458 
4.00000000 -3.00000000 -0.01422123 
4.00000000 -2.00000000 0.03520831 
4.00000000 -1.00000000 -0.00012988 
4.00000000 0.00000000 -0.04547780 
4.00000000 1.00000000 0.00671167 
4.00000000 2.00000000 0.08629274 
4.00000000 3.00000000 0.06983675 
4.00000000 4.00000000 -0.06990204 
