-4.00000000 -4.00000000 8.36576169 
-4.00000000 -3.00000000 3.47070595 
-4.00000000 -2.00000000 -0.49248509 
-4.00000000 -1.00000000 -3.49529686 
-4.00000000 0.00000000 -5.53143043 
-4.00000000 1.00000000 -6.60133531 
-4.00000000 2.00000000 -6.70765317 
-4.00000000 3.00000000 -5.85246676 
-4.00000000 4.00000000 -4.03470360 
-3.00000000 -4.00000000 7.00543063 
-3.00000000 -3.00000000 2.51013807 
-3.00000000 -2.00000000 -0.90827111 
-3.00000000 -1.00000000 -3.04167068 
-3.00000000 0.00000000 -3.84273851 
-3.00000000 1.00000000 -3.31368242 
-3.00000000 2.00000000 -1.47307522 
-3.00000000 3.00000000 1.66381819 
-3.00000000 4.00000000 6.10377666 
-2.00000000 -4.00000000 7.48281426 
-2.00000000 -3.00000000 3.73505677 
-2.00000000 -2.00000000 -0.07468609 
-2.00000000 -1.00000000 -2.68845644 
-2.00000000 0.00000000 -3.79953816 
-2.00000000 1.00000000 -3.41778031 
-2.00000000 2.00000000 -1.66417911 
-2.00000000 3.00000000 1.35247407 
-2.00000000 4.00000000 5.66158591 
-1.00000000 -4.00000000 0.22504311 
-1.00000000 -3.00000000 1.35186105 
-1.00000000 -2.00000000 -0.65742555 
-1.00000000 -1.00000000 -2.45376103 
-1.00000000 0.00000000 -3.02766751 
-1.00000000 1.00000000 -2.42903380 
-1.00000000 2.00000000 -1.17250118 
-1.00000000 3.00000000 0.15468293 
-1.00000000 4.00000000 1.43426991 
0.00000000 -4.00000000 -3.19899821 
0.00000000 -3.00000000 -0.78732492 
0.00000000 -2.00000000 -1.50897822 
0.00000000 -1.00000000 -2.34356796 
0.00000000 0.00000000 -2.11062263 
0.00000000 1.00000000 -0.91858880 
0.00000000 2.00000000 0.35788679 
0.00000000 3.00000000 0.40325014 
0.00000000 4.00000000 -1.78040740 
1.00000000 -4.00000000 1.00570312 
1.00000000 -3.00000000 0.77772931 
1.00000000 -2.00000000 -0.72173344 
1.00000000 -1.00000000 -1.82241602 
1.00000000 0.00000000 -1.71359866 
1.00000000 1.00000000 -0.50337519 
1.00000000 2.00000000 0.99258277 
1.00000000 3.00000000 1.23460261 
1.00000000 4.00000000 -1.78685151 
2.00000000 -4.00000000 6.33484901 
2.00000000 -3.00000000 2.99539645 
2.00000000 -2.00000000 0.24740874 
2.00000000 -1.00000000 -1.38824254 
2.00000000 0.00000000 -1.61054542 
2.00000000 1.00000000 -0.46790345 
2.00000000 2.00000000 1.66418419 
2.00000000 3.00000000 3.93702632 
2.00000000 4.00000000 4.75727567 
3.00000000 -4.00000000 9.69112594 
3.00000000 -3.00000000 4.97382835 
3.00000000 -2.00000000 1.35633455 
3.00000000 -1.00000000 -1.04325037 
3.00000000 0.00000000 -2.15058329 
3.00000000 1.00000000 -1.97628287 
3.00000000 2.00000000 -0.61580634 
3.00000000 3.00000000 1.69811583 
3.00000000 4.00000000 4.46311272 
4.00000000 -4.00000000 5.67122977 
4.00000000 -3.00000000 1.99307228 
4.00000000 -2.00000000 -0.76998827 
4.00000000 -1.00000000 -2.59331064 
4.00000000 0.00000000 -3.46070010 
4.00000000 1.00000000 -3.37386931 
4.00000000 2.00000000 -2.35252906 
4.00000000 3.00000000 -0.44606441 
4.00000000 4.00000000 2.23490016 
