-4.00000000 -4.00000000 45.59304993 
-4.00000000 -3.00000000 40.15075685 
-4.00000000 -2.00000000 34.70846377 
-4.00000000 -1.00000000 29.26617068 
-4.00000000 0.00000000 23.82387760 
-4.00000000 1.00000000 18.38158452 
-4.00000000 2.00000000 12.93929144 
-4.00000000 3.00000000 7.49699835 
-4.00000000 4.00000000 2.05470527 
-3.00000000 -4.00000000 43.67727192 
-3.00000000 -3.00000000 38.23497883 
-3.00000000 -2.00000000 32.79268575 
-3.00000000 -1.00000000 27.35039267 
-3.00000000 0.00000000 21.90809959 
-3.00000000 1.00000000 16.46580651 
-3.00000000 2.00000000 11.02351342 
-3.00000000 3.00000000 5.58122034 
-3.00000000 4.00000000 0.13892726 
-2.00000000 -4.00000000 41.76149390 
-2.00000000 -3.00000000 36.31920082 
-2.00000000 -2.00000000 30.87690774 
-2.00000000 -1.00000000 25.43461466 
-2.00000000 0.00000000 19.99232158 
-2.00000000 1.00000000 14.55002849 
-2.00000000 2.00000000 9.10773541 
-2.00000000 3.00000000 3.66544233 
-2.00000000 4.00000000 -1.77685075 
-1.00000000 -4.00000000 39.84571589 
-1.00000000 -3.00000000 34.40342281 
-1.00000000 -2.00000000 28.96112973 
-1.00000000 -1.00000000 23.51883665 
-1.00000000 0.00000000 18.07654356 
-1.00000000 1.00000000 12.63425048 
-1.00000000 2.00000000 7.19195740 
-1.00000000 3.00000000 1.74966432 
-1.00000000 4.00000000 -3.69262876 
0.00000000 -4.00000000 37.92993788 
0.00000000 -3.00000000 32.48764480 
0.00000000 -2.00000000 27.04535172 
0.00000000 -1.00000000 21.60305863 
0.00000000 0.00000000 16.16076555 
0.00000000 1.00000000 10.71847247 
0.00000000 2.00000000 5.27617939 
0.00000000 3.00000000 -0.16611370 
0.00000000 4.00000000 -5.60840678 
1.00000000 -4.00000000 36.01415987 
1.00000000 -3.00000000 30.57186679 
1.00000000 -2.00000000 25.12957370 
1.00000000 -1.00000000 19.68728062 
1.00000000 0.00000000 14.24498754 
1.00000000 1.00000000 8.80269446 
1.00000000 2.00000000 3.36040137 
1.00000000 3.00000000 -2.08189171 
1.00000000 4.00000000 -7.52418479 
2.00000000 -4.00000000 34.09838185 
2.00000000 -3.00000000 28.65608877 
2.00000000 -2.00000000 23.21379569 
2.00000000 -1.00000000 17.77150261 
2.00000000 0.00000000 12.32920953 
2.00000000 1.00000000 6.88691644 
2.00000000 2.00000000 1.44462336 
2.00000000 3.00000000 -3.99766972 
2.00000000 4.00000000 -9.43996280 
3.00000000 -4.00000000 32.18260384 
3.00000000 -3.00000000 26.74031076 
3.00000000 -2.00000000 21.29801768 
3.00000000 -1.00000000 15.85572460 
3.00000000 0.00000000 10.41343151 
3.00000000 1.00000000 4.97113843 
3.00000000 2.00000000 -0.47115465 
3.00000000 3.00000000 -5.91344773 
3.00000000 4.00000000 -11.35574081 
4.00000000 -4.00000000 30.26682583 
4.00000000 -3.00000000 24.82453275 
4.00000000 -2.00000000 19.38223967 
4.00000000 -1.00000000 13.93994658 
4.00000000 0.00000000 8.49765350 
4.00000000 1.00000000 3.05536042 
4.00000000 2.00000000 -2.38693266 
4.00000000 3.00000000 -7.82922574 
4.00000000 4.00000000 -13.27151883 
