-4.00000000 -4.00000000 -23.30214688 
-4.00000000 -3.00000000 -15.06733330 
-4.00000000 -2.00000000 -5.79706013 
-4.00000000 -1.00000000 4.38552071 
-4.00000000 0.00000000 15.52035745 
-4.00000000 1.00000000 27.64299633 
-4.00000000 2.00000000 40.76859310 
-4.00000000 3.00000000 54.88307096 
-4.00000000 4.00000000 69.92715002 
-3.00000000 -4.00000000 -25.06259501 
-3.00000000 -3.00000000 -17.11677065 
-3.00000000 -2.00000000 -7.54030309 
-3.00000000 -1.00000000 3.42393306 
-3.00000000 0.00000000 15.70119178 
-3.00000000 1.00000000 29.30607923 
-3.00000000 2.00000000 44.28235969 
-3.00000000 3.00000000 60.64851332 
-3.00000000 4.00000000 78.35176696 
-2.00000000 -4.00000000 -20.33995493 
-2.00000000 -3.00000000 -14.48931115 
-2.00000000 -2.00000000 -6.81159499 
-2.00000000 -1.00000000 2.58798819 
-2.00000000 0.00000000 13.62596852 
-2.00000000 1.00000000 26.30358039 
-2.00000000 2.00000000 40.68427667 
-2.00000000 3.00000000 56.81875968 
-2.00000000 4.00000000 74.66846434 
-1.00000000 -4.00000000 -8.91560854 
-1.00000000 -3.00000000 -6.75263214 
-1.00000000 -2.00000000 -2.87446038 
-1.00000000 -1.00000000 2.90617807 
-1.00000000 0.00000000 10.58220216 
-1.00000000 1.00000000 20.14249907 
-1.00000000 2.00000000 31.63630456 
-1.00000000 3.00000000 45.10500020 
-1.00000000 4.00000000 60.48827542 
0.00000000 -4.00000000 8.12355530 
0.00000000 -3.00000000 5.21312356 
0.00000000 -2.00000000 4.06151661 
0.00000000 -1.00000000 4.96680441 
0.00000000 0.00000000 7.94271760 
0.00000000 1.00000000 12.95382173 
0.00000000 2.00000000 20.01312410 
0.00000000 3.00000000 29.11993338 
0.00000000 4.00000000 40.16402275 
1.00000000 -4.00000000 26.01834256 
1.00000000 -3.00000000 18.35101457 
1.00000000 -2.00000000 12.48968703 
1.00000000 -1.00000000 8.62155477 
1.00000000 0.00000000 6.71787495 
1.00000000 1.00000000 6.73670615 
1.00000000 2.00000000 8.70044825 
1.00000000 3.00000000 12.63080626 
1.00000000 4.00000000 18.44914426 
2.00000000 -4.00000000 40.58710104 
2.00000000 -3.00000000 29.65188263 
2.00000000 -2.00000000 20.30738897 
2.00000000 -1.00000000 12.73532568 
2.00000000 0.00000000 6.86752757 
2.00000000 1.00000000 2.61822391 
2.00000000 2.00000000 0.00707249 
2.00000000 3.00000000 -0.89113303 
2.00000000 4.00000000 -0.05880969 
3.00000000 -4.00000000 48.43735346 
3.00000000 -3.00000000 36.18583922 
3.00000000 -2.00000000 25.14508408 
3.00000000 -1.00000000 15.61611938 
3.00000000 0.00000000 7.52625281 
3.00000000 1.00000000 0.72440889 
3.00000000 2.00000000 -4.80415215 
3.00000000 3.00000000 -8.95264494 
3.00000000 4.00000000 -11.61081631 
4.00000000 -4.00000000 46.44662496 
4.00000000 -3.00000000 35.44582501 
4.00000000 -2.00000000 25.19513507 
4.00000000 -1.00000000 15.99659717 
4.00000000 0.00000000 7.81585523 
4.00000000 1.00000000 0.52397379 
4.00000000 2.00000000 -5.88512386 
4.00000000 3.00000000 -11.27866061 
4.00000000 4.00000000 -15.48096453 
