-4.00000000 -4.00000000 -31.66497315 
-4.00000000 -3.00000000 -18.51811335 
-4.00000000 -2.00000000 -5.33231778 
-4.00000000 -1.00000000 7.86389901 
-4.00000000 0.00000000 21.06423807 
-4.00000000 1.00000000 34.26914892 
-4.00000000 2.00000000 47.48127323 
-4.00000000 3.00000000 60.70269375 
-4.00000000 4.00000000 73.93233800 
-3.00000000 -4.00000000 -32.20904908 
-3.00000000 -3.00000000 -19.53961001 
-3.00000000 -2.00000000 -6.58469654 
-3.00000000 -1.00000000 6.44756506 
-3.00000000 0.00000000 19.50985269 
-3.00000000 1.00000000 32.60437414 
-3.00000000 2.00000000 45.74970224 
-3.00000000 3.00000000 58.96110188 
-3.00000000 4.00000000 72.23179422 
-2.00000000 -4.00000000 -27.84329477 
-2.00000000 -3.00000000 -18.15706379 
-2.00000000 -2.00000000 -6.71214075 
-2.00000000 -1.00000000 5.23351651 
-2.00000000 0.00000000 17.37319184 
-2.00000000 1.00000000 29.71673431 
-2.00000000 2.00000000 42.38514013 
-2.00000000 3.00000000 55.48720070 
-2.00000000 4.00000000 68.99350931 
-1.00000000 -4.00000000 -8.86981758 
-1.00000000 -3.00000000 -8.07557453 
-1.00000000 -2.00000000 -2.22416594 
-1.00000000 -1.00000000 5.33535252 
-1.00000000 0.00000000 13.59350297 
-1.00000000 1.00000000 22.60017424 
-1.00000000 2.00000000 32.87000758 
-1.00000000 3.00000000 44.99025043 
-1.00000000 4.00000000 59.07915140 
0.00000000 -4.00000000 11.19899821 
0.00000000 -3.00000000 5.78732492 
0.00000000 -2.00000000 5.50897822 
0.00000000 -1.00000000 7.34356796 
0.00000000 0.00000000 10.11062263 
0.00000000 1.00000000 13.91858880 
0.00000000 2.00000000 19.64211321 
0.00000000 3.00000000 28.59674986 
0.00000000 4.00000000 41.78040740 
1.00000000 -4.00000000 24.92862030 
1.00000000 -3.00000000 17.47235014 
1.00000000 -2.00000000 13.20862990 
1.00000000 -1.00000000 10.46719050 
1.00000000 0.00000000 8.43731214 
1.00000000 1.00000000 7.22708867 
1.00000000 2.00000000 7.65219170 
1.00000000 3.00000000 11.25229385 
1.00000000 4.00000000 20.03693096 
2.00000000 -4.00000000 34.38611201 
2.00000000 -3.00000000 26.69697097 
2.00000000 -2.00000000 20.11307177 
2.00000000 -1.00000000 14.11354286 
2.00000000 0.00000000 8.39737226 
2.00000000 1.00000000 3.01296352 
2.00000000 2.00000000 -1.66418419 
2.00000000 3.00000000 -4.78537968 
2.00000000 4.00000000 -4.75727567 
3.00000000 -4.00000000 38.67257434 
3.00000000 -3.00000000 31.12865214 
3.00000000 -2.00000000 23.84728391 
3.00000000 -1.00000000 16.71036455 
3.00000000 0.00000000 9.64355094 
3.00000000 1.00000000 2.65746175 
3.00000000 2.00000000 -4.15244580 
3.00000000 3.00000000 -10.55344123 
3.00000000 4.00000000 -16.04315364 
4.00000000 -4.00000000 40.92719316 
4.00000000 -3.00000000 33.44114516 
4.00000000 -2.00000000 26.01080069 
4.00000000 -1.00000000 18.61151853 
4.00000000 0.00000000 11.22710392 
4.00000000 1.00000000 3.85926955 
4.00000000 2.00000000 -3.47227380 
4.00000000 3.00000000 -10.71814108 
4.00000000 4.00000000 -17.76770781 
