-4.00000000 -4.00000000 26.83420723 
-4.00000000 -3.00000000 25.86650152 
-4.00000000 -2.00000000 24.89879580 
-4.00000000 -1.00000000 23.93109008 
-4.00000000 0.00000000 22.96338436 
-4.00000000 1.00000000 21.99567865 
-4.00000000 2.00000000 21.02797293 
-4.00000000 3.00000000 20.06026721 
-4.00000000 4.00000000 19.09256149 
-3.00000000 -4.00000000 24.88863611 
-3.00000000 -3.00000000 23.92093040 
-3.00000000 -2.00000000 22.95322468 
-3.00000000 -1.00000000 21.98551896 
-3.00000000 0.00000000 21.01781324 
-3.00000000 1.00000000 20.05010752 
-3.00000000 2.00000000 19.08240181 
-3.00000000 3.00000000 18.11469609 
-3.00000000 4.00000000 17.14699037 
-2.00000000 -4.00000000 22.94306499 
-2.00000000 -3.00000000 21.97535927 
-2.00000000 -2.00000000 21.00765356 
-2.00000000 -1.00000000 20.03994784 
-2.00000000 0.00000000 19.07224212 
-2.00000000 1.00000000 18.10453640 
-2.00000000 2.00000000 17.13683069 
-2.00000000 3.00000000 16.16912497 
-2.00000000 4.00000000 15.20141925 
-1.00000000 -4.00000000 20.99749387 
-1.00000000 -3.00000000 20.02978815 
-1.00000000 -2.00000000 19.06208244 
-1.00000000 -1.00000000 18.09437672 
-1.00000000 0.00000000 17.12667100 
-1.00000000 1.00000000 16.15896528 
-1.00000000 2.00000000 15.19125957 
-1.00000000 3.00000000 14.22355385 
-1.00000000 4.00000000 13.25584813 
0.00000000 -4.00000000 19.05192275 
0.00000000 -3.00000000 18.08421703 
0.00000000 -2.00000000 17.11651132 
0.00000000 -1.00000000 16.14880560 
0.00000000 0.00000000 15.18109988 
0.00000000 1.00000000 14.21339416 
0.00000000 2.00000000 13.24568845 
0.00000000 3.00000000 12.27798273 
0.00000000 4.00000000 11.31027701 
1.00000000 -4.00000000 17.10635163 
1.00000000 -3.00000000 16.13864591 
1.00000000 -2.00000000 15.17094020 
1.00000000 -1.00000000 14.20323448 
1.00000000 0.00000000 13.23552876 
1.00000000 1.00000000 12.26782304 
1.00000000 2.00000000 11.30011733 
1.00000000 3.00000000 10.33241161 
1.00000000 4.00000000 9.36470589 
2.00000000 -4.00000000 15.16078051 
2.00000000 -3.00000000 14.19307479 
2.00000000 -2.00000000 13.22536908 
2.00000000 -1.00000000 12.25766336 
2.00000000 0.00000000 11.28995764 
2.00000000 1.00000000 10.32225192 
2.00000000 2.00000000 9.35454621 
2.00000000 3.00000000 8.38684049 
2.00000000 4.00000000 7.41913477 
3.00000000 -4.00000000 13.21520939 
3.00000000 -3.00000000 12.24750367 
3.00000000 -2.00000000 11.27979796 
3.00000000 -1.00000000 10.31209224 
3.00000000 0.00000000 9.34438652 
3.00000000 1.00000000 8.37668080 
3.00000000 2.00000000 7.40897509 
3.00000000 3.00000000 6.44126937 
3.00000000 4.00000000 5.47356365 
4.00000000 -4.00000000 11.26963827 
4.00000000 -3.00000000 10.30193255 
4.00000000 -2.00000000 9.33422684 
4.00000000 -1.00000000 8.36652112 
4.00000000 0.00000000 7.39881540 
4.00000000 1.00000000 6.43110968 
4.00000000 2.00000000 5.46340397 
4.00000000 3.00000000 4.49569825 
4.00000000 4.00000000 3.52799253 
