-4.00000000 -4.00000000 -22.97385211 
-4.00000000 -3.00000000 -14.95059587 
-4.00000000 -2.00000000 -6.05213084 
-4.00000000 -1.00000000 4.37378893 
-4.00000000 0.00000000 17.18188096 
-4.00000000 1.00000000 30.98387553 
-4.00000000 2.00000000 43.46613701 
-4.00000000 3.00000000 55.03400994 
-4.00000000 4.00000000 66.90065432 
-3.00000000 -4.00000000 -23.44817434 
-3.00000000 -3.00000000 -15.98085843 
-3.00000000 -2.00000000 -7.55157682 
-3.00000000 -1.00000000 2.50289091 
-3.00000000 0.00000000 15.27745568 
-3.00000000 1.00000000 29.92324909 
-3.00000000 2.00000000 43.83486363 
-3.00000000 3.00000000 56.70600800 
-3.00000000 4.00000000 69.62163096 
-2.00000000 -4.00000000 -20.00938389 
-2.00000000 -3.00000000 -14.33791824 
-2.00000000 -2.00000000 -7.46809158 
-2.00000000 -1.00000000 1.23758734 
-2.00000000 0.00000000 12.77519099 
-2.00000000 1.00000000 26.84496170 
-2.00000000 2.00000000 41.41105678 
-2.00000000 3.00000000 55.59363435 
-2.00000000 4.00000000 69.86547576 
-1.00000000 -4.00000000 -8.66982513 
-1.00000000 -3.00000000 -6.90704146 
-1.00000000 -2.00000000 -3.51166708 
-1.00000000 -1.00000000 2.09419576 
-1.00000000 0.00000000 10.13811897 
-1.00000000 1.00000000 20.47221235 
-1.00000000 2.00000000 32.69480115 
-1.00000000 3.00000000 46.18116471 
-1.00000000 4.00000000 60.47692783 
0.00000000 -4.00000000 7.84562500 
0.00000000 -3.00000000 4.81301549 
0.00000000 -2.00000000 3.78258947 
0.00000000 -1.00000000 5.18582533 
0.00000000 0.00000000 8.32907473 
0.00000000 1.00000000 13.09380385 
0.00000000 2.00000000 20.10253643 
0.00000000 3.00000000 29.06924456 
0.00000000 4.00000000 39.22765695 
1.00000000 -4.00000000 26.34732505 
1.00000000 -3.00000000 18.33424459 
1.00000000 -2.00000000 12.43228106 
1.00000000 -1.00000000 8.90040908 
1.00000000 0.00000000 7.05675399 
1.00000000 1.00000000 6.84266732 
1.00000000 2.00000000 8.57045091 
1.00000000 3.00000000 11.93183752 
1.00000000 4.00000000 16.31754461 
2.00000000 -4.00000000 40.98277947 
2.00000000 -3.00000000 29.71742250 
2.00000000 -2.00000000 20.16785427 
2.00000000 -1.00000000 12.64313794 
2.00000000 0.00000000 6.88270145 
2.00000000 1.00000000 2.69075263 
2.00000000 2.00000000 0.03444223 
2.00000000 3.00000000 -1.29989812 
2.00000000 4.00000000 -1.69258278 
3.00000000 -4.00000000 48.35631003 
3.00000000 -3.00000000 35.83523796 
3.00000000 -2.00000000 24.65590173 
3.00000000 -1.00000000 15.18150142 
3.00000000 0.00000000 7.30621738 
3.00000000 1.00000000 0.78924889 
3.00000000 2.00000000 -4.45324404 
3.00000000 3.00000000 -8.51600067 
3.00000000 4.00000000 -11.62457927 
4.00000000 -4.00000000 51.34536778 
4.00000000 -3.00000000 38.16567312 
4.00000000 -2.00000000 26.28242322 
4.00000000 -1.00000000 16.08146680 
4.00000000 0.00000000 7.44254651 
4.00000000 1.00000000 0.07337861 
4.00000000 2.00000000 -6.10573133 
4.00000000 3.00000000 -11.11744438 
4.00000000 4.00000000 -15.11490896 
