-4.00000000 -4.00000000 -35.42180622 
-4.00000000 -3.00000000 -23.23841491 
-4.00000000 -2.00000000 -10.33112221 
-4.00000000 -1.00000000 2.82919254 
-4.00000000 0.00000000 16.06044199 
-4.00000000 1.00000000 29.30064114 
-4.00000000 2.00000000 42.53329816 
-4.00000000 3.00000000 55.75715533 
-4.00000000 4.00000000 68.97489867 
-3.00000000 -4.00000000 -30.10477335 
-3.00000000 -3.00000000 -20.86663264 
-3.00000000 -2.00000000 -9.05403541 
-3.00000000 -1.00000000 3.76859463 
-3.00000000 0.00000000 16.90959351 
-3.00000000 1.00000000 30.11177226 
-3.00000000 2.00000000 43.29858652 
-3.00000000 3.00000000 56.45825263 
-3.00000000 4.00000000 69.59765929 
-2.00000000 -4.00000000 -17.39910700 
-2.00000000 -3.00000000 -15.75673729 
-2.00000000 -2.00000000 -7.73226758 
-2.00000000 -1.00000000 3.61128499 
-2.00000000 0.00000000 16.23579784 
-2.00000000 1.00000000 29.19447136 
-2.00000000 2.00000000 42.15504322 
-2.00000000 3.00000000 55.04309138 
-2.00000000 4.00000000 67.86909851 
-1.00000000 -4.00000000 1.76227105 
-1.00000000 -3.00000000 -5.31892295 
-1.00000000 -2.00000000 -5.02213370 
-1.00000000 -1.00000000 1.66844692 
-1.00000000 0.00000000 11.98498940 
-1.00000000 1.00000000 23.66182200 
-1.00000000 2.00000000 35.58568111 
-1.00000000 3.00000000 47.40162941 
-1.00000000 4.00000000 59.07622228 
0.00000000 -4.00000000 17.40240946 
0.00000000 -3.00000000 7.01369182 
0.00000000 -2.00000000 0.74606790 
0.00000000 -1.00000000 0.31350106 
0.00000000 0.00000000 5.06095267 
0.00000000 1.00000000 12.74073015 
0.00000000 2.00000000 21.43032810 
0.00000000 3.00000000 30.21400951 
0.00000000 4.00000000 38.85809754 
1.00000000 -4.00000000 28.12261376 
1.00000000 -3.00000000 17.21699302 
1.00000000 -2.00000000 8.21173741 
1.00000000 -1.00000000 2.79527225 
1.00000000 0.00000000 1.66376982 
1.00000000 1.00000000 3.80336061 
1.00000000 2.00000000 7.53441318 
1.00000000 3.00000000 11.71305254 
1.00000000 4.00000000 15.90690976 
2.00000000 -4.00000000 36.90787242 
2.00000000 -3.00000000 26.00775454 
2.00000000 -2.00000000 16.00014179 
2.00000000 -1.00000000 7.99904961 
2.00000000 0.00000000 2.84818324 
2.00000000 1.00000000 0.31352469 
2.00000000 2.00000000 -0.66078785 
2.00000000 3.00000000 -1.02916898 
2.00000000 4.00000000 -1.24675815 
3.00000000 -4.00000000 45.02585762 
3.00000000 -3.00000000 34.22850557 
3.00000000 -2.00000000 23.83403730 
3.00000000 -1.00000000 14.47828253 
3.00000000 0.00000000 6.78142976 
3.00000000 1.00000000 0.80678279 
3.00000000 2.00000000 -3.99276393 
3.00000000 3.00000000 -8.24791929 
3.00000000 4.00000000 -12.31312147 
4.00000000 -4.00000000 52.79698662 
4.00000000 -3.00000000 42.10510762 
4.00000000 -2.00000000 31.58297251 
4.00000000 -1.00000000 21.55803951 
4.00000000 0.00000000 12.39801940 
4.00000000 1.00000000 4.21467629 
4.00000000 2.00000000 -3.23914046 
4.00000000 3.00000000 -10.31554947 
4.00000000 4.00000000 -17.23748089 
